Entity,N,RSS,DELTA
Start,0,19020,19020
rclcpp::init,0,19020,0
EventsExecutor,0,21076,2056
node_ps_dif_T_M0MB,1,25852,4776
node_ps_dif_T_M0MB,2,25852,0
node_ps_dif_T_M0MB,3,26644,792
node_ps_dif_T_M0MB,4,26644,0
node_ps_dif_T_M0MB,5,26908,264
node_ps_dif_T_M0MB,6,26908,0
node_ps_dif_T_M0MB,7,26908,0
node_ps_dif_T_M0MB,8,27232,324
node_ps_dif_T_M0MB,9,27232,0
node_ps_dif_T_M0MB,10,27496,264
node_ps_dif_T_M0MB,11,27496,0
node_ps_dif_T_M0MB,12,27496,0
node_ps_dif_T_M0MB,13,27820,324
node_ps_dif_T_M0MB,14,27820,0
node_ps_dif_T_M0MB,15,28084,264
node_ps_dif_T_M0MB,16,28084,0
node_ps_dif_T_M0MB,17,28348,264
node_ps_dif_T_M0MB,18,28348,0
node_ps_dif_T_M0MB,19,28348,0
node_ps_dif_T_M0MB,20,28612,264
node_ps_dif_T_M0MB,21,28612,0
node_ps_dif_T_M0MB,22,28876,264
node_ps_dif_T_M0MB,23,28876,0
node_ps_dif_T_M0MB,24,28876,0
node_ps_dif_T_M0MB,25,29140,264
node_ps_dif_T_M0MB,26,29140,0
node_ps_dif_T_M0MB,27,29404,264
node_ps_dif_T_M0MB,28,29404,0
node_ps_dif_T_M0MB,29,29404,0
node_ps_dif_T_M0MB,30,29668,264
node_ps_dif_T_M0MB,31,29668,0
node_ps_dif_T_M0MB,32,29932,264
node_ps_dif_T_M0MB,33,29932,0
node_ps_dif_T_M0MB,34,30196,264
node_ps_dif_T_M0MB,35,30196,0
node_ps_dif_T_M0MB,36,30196,0
node_ps_dif_T_M0MB,37,30460,264
node_ps_dif_T_M0MB,38,30460,0
node_ps_dif_T_M0MB,39,30724,264
node_ps_dif_T_M0MB,40,30724,0
node_ps_dif_T_M0MB,41,30724,0
node_ps_dif_T_M0MB,42,30988,264
node_ps_dif_T_M0MB,43,30988,0
node_ps_dif_T_M0MB,44,31252,264
node_ps_dif_T_M0MB,45,31252,0
node_ps_dif_T_M0MB,46,31252,0
node_ps_dif_T_M0MB,47,31516,264
node_ps_dif_T_M0MB,48,31516,0
node_ps_dif_T_M0MB,49,31780,264
node_ps_dif_T_M0MB,50,31780,0
End,0,32220,440
