Entity,N,RSS,DELTA
Start,0,18928,18928
rclcpp::init,0,18928,0
EventsExecutor,0,20916,1988
node_srv,1,25260,4344
node_srv,2,25260,0
node_srv,3,25656,396
node_srv,4,25656,0
node_srv,5,25920,264
node_srv,6,25920,0
node_srv,7,26184,264
node_srv,8,26184,0
node_srv,9,26448,264
node_srv,10,26448,0
node_srv,11,26712,264
node_srv,12,26712,0
node_srv,13,26976,264
node_srv,14,26976,0
node_srv,15,27240,264
node_srv,16,27240,0
node_srv,17,27504,264
node_srv,18,27504,0
node_srv,19,27768,264
node_srv,20,27768,0
node_srv,21,28032,264
node_srv,22,28032,0
node_srv,23,28296,264
node_srv,24,28296,0
node_srv,25,28560,264
node_srv,26,28560,0
node_srv,27,28824,264
node_srv,28,28824,0
node_srv,29,29088,264
node_srv,30,29088,0
node_srv,31,29352,264
node_srv,32,29352,0
node_srv,33,29616,264
node_srv,34,29772,156
node_srv,35,29772,0
node_srv,36,30032,260
node_srv,37,30032,0
node_srv,38,30296,264
node_srv,39,30296,0
node_srv,40,30560,264
node_srv,41,30824,264
node_srv,42,30824,0
node_srv,43,31088,264
node_srv,44,31088,0
node_srv,45,31352,264
node_srv,46,31352,0
node_srv,47,31616,264
node_srv,48,31880,264
node_srv,49,31880,0
node_srv,50,32144,264
End,0,32608,464
