Entity,N,RSS,DELTA
Start,0,18376,18376
rclcpp::init,0,18376,0
EventsExecutor,0,20292,1916
emtpy_node,1,25376,5084
emtpy_node,2,25644,268
emtpy_node,3,25908,264
emtpy_node,4,26172,264
emtpy_node,5,26436,264
emtpy_node,6,26700,264
emtpy_node,7,26964,264
emtpy_node,8,27228,264
emtpy_node,9,27492,264
emtpy_node,10,27756,264
emtpy_node,11,28020,264
emtpy_node,12,28284,264
emtpy_node,13,28548,264
emtpy_node,14,28812,264
emtpy_node,15,29076,264
emtpy_node,16,29304,228
emtpy_node,17,29564,260
emtpy_node,18,29960,396
emtpy_node,19,30084,124
emtpy_node,20,30352,268
emtpy_node,21,30612,260
emtpy_node,22,30876,264
emtpy_node,23,31136,260
emtpy_node,24,31404,268
emtpy_node,25,31668,264
emtpy_node,26,31928,260
emtpy_node,27,32200,272
emtpy_node,28,32456,256
emtpy_node,29,32716,260
emtpy_node,30,32980,264
emtpy_node,31,33244,264
emtpy_node,32,33508,264
emtpy_node,33,34036,528
emtpy_node,34,34300,264
emtpy_node,35,34564,264
emtpy_node,36,34828,264
emtpy_node,37,35092,264
emtpy_node,38,35356,264
emtpy_node,39,35620,264
emtpy_node,40,35812,192
emtpy_node,41,36204,392
emtpy_node,42,36472,268
emtpy_node,43,36600,128
emtpy_node,44,36860,260
emtpy_node,45,37124,264
emtpy_node,46,37388,264
emtpy_node,47,37652,264
emtpy_node,48,37916,264
emtpy_node,49,38444,528
emtpy_node,50,38708,264
End,0,39128,420
