Entity,N,RSS,DELTA
Start,0,19040,19040
rclcpp::init,0,19040,0
EventsExecutor,0,21048,2008
node_ps_dif_T_M1,1,25720,4672
node_ps_dif_T_M1,2,25720,0
node_ps_dif_T_M1,3,26508,788
node_ps_dif_T_M1,4,26508,0
node_ps_dif_T_M1,5,26772,264
node_ps_dif_T_M1,6,26772,0
node_ps_dif_T_M1,7,26772,0
node_ps_dif_T_M1,8,27036,264
node_ps_dif_T_M1,9,27036,0
node_ps_dif_T_M1,10,27300,264
node_ps_dif_T_M1,11,27300,0
node_ps_dif_T_M1,12,27300,0
node_ps_dif_T_M1,13,27564,264
node_ps_dif_T_M1,14,27564,0
node_ps_dif_T_M1,15,27828,264
node_ps_dif_T_M1,16,27828,0
node_ps_dif_T_M1,17,28092,264
node_ps_dif_T_M1,18,28092,0
node_ps_dif_T_M1,19,28092,0
node_ps_dif_T_M1,20,28416,324
node_ps_dif_T_M1,21,28416,0
node_ps_dif_T_M1,22,28680,264
node_ps_dif_T_M1,23,28680,0
node_ps_dif_T_M1,24,28680,0
node_ps_dif_T_M1,25,28944,264
node_ps_dif_T_M1,26,28944,0
node_ps_dif_T_M1,27,29208,264
node_ps_dif_T_M1,28,29208,0
node_ps_dif_T_M1,29,29208,0
node_ps_dif_T_M1,30,29472,264
node_ps_dif_T_M1,31,29472,0
node_ps_dif_T_M1,32,29736,264
node_ps_dif_T_M1,33,29736,0
node_ps_dif_T_M1,34,30060,324
node_ps_dif_T_M1,35,30060,0
node_ps_dif_T_M1,36,30060,0
node_ps_dif_T_M1,37,30324,264
node_ps_dif_T_M1,38,30324,0
node_ps_dif_T_M1,39,30588,264
node_ps_dif_T_M1,40,30588,0
node_ps_dif_T_M1,41,30588,0
node_ps_dif_T_M1,42,30852,264
node_ps_dif_T_M1,43,30852,0
node_ps_dif_T_M1,44,31116,264
node_ps_dif_T_M1,45,31116,0
node_ps_dif_T_M1,46,31116,0
node_ps_dif_T_M1,47,31380,264
node_ps_dif_T_M1,48,31380,0
node_ps_dif_T_M1,49,31644,264
node_ps_dif_T_M1,50,31644,0
End,0,32144,500
