Entity,N,RSS,DELTA
Start,0,18404,18404
rclcpp::init,0,18404,0
EventsExecutor,0,20440,2036
emtpy_node,1,24748,4308
emtpy_node,2,24748,0
emtpy_node,3,25040,292
emtpy_node,4,25040,0
emtpy_node,5,25040,0
emtpy_node,6,25304,264
emtpy_node,7,25304,0
emtpy_node,8,25568,264
emtpy_node,9,25568,0
emtpy_node,10,25568,0
emtpy_node,11,25832,264
emtpy_node,12,25832,0
emtpy_node,13,25832,0
emtpy_node,14,26096,264
emtpy_node,15,26096,0
emtpy_node,16,26360,264
emtpy_node,17,26360,0
emtpy_node,18,26360,0
emtpy_node,19,26624,264
emtpy_node,20,26624,0
emtpy_node,21,26624,0
emtpy_node,22,26888,264
emtpy_node,23,26888,0
emtpy_node,24,26888,0
emtpy_node,25,27152,264
emtpy_node,26,27152,0
emtpy_node,27,27416,264
emtpy_node,28,27416,0
emtpy_node,29,27416,0
emtpy_node,30,27680,264
emtpy_node,31,27680,0
emtpy_node,32,27680,0
emtpy_node,33,27944,264
emtpy_node,34,27944,0
emtpy_node,35,28208,264
emtpy_node,36,28304,96
emtpy_node,37,28304,0
emtpy_node,38,28304,0
emtpy_node,39,28564,260
emtpy_node,40,28564,0
emtpy_node,41,28564,0
emtpy_node,42,28828,264
emtpy_node,43,28828,0
emtpy_node,44,29092,264
emtpy_node,45,29092,0
emtpy_node,46,29092,0
emtpy_node,47,29356,264
emtpy_node,48,29356,0
emtpy_node,49,29356,0
emtpy_node,50,29620,264
End,0,30120,500
