Entity,N,RSS,DELTA
Start,0,19720,19720
rclcpp::init,0,21920,2200
EventsExecutor,0,21920,0
node_ps_dif_T_M1,1,28048,6128
node_ps_dif_T_M2,2,29816,1768
node_ps_dif_T_M3,3,29816,0
node_ps_dif_T_M4,4,29816,0
node_ps_dif_T_M5,5,30440,624
node_ps_dif_T_M6,6,30440,0
node_ps_dif_T_M7,7,31004,564
node_ps_dif_T_M8,8,31004,0
node_ps_dif_T_M9,9,31628,624
node_ps_dif_T_M10,10,31628,0
node_ps_dif_T_M11,11,31952,324
node_ps_dif_T_M12,12,31952,0
node_ps_dif_T_M13,13,32516,564
node_ps_dif_T_M14,14,32516,0
node_ps_dif_T_M15,15,32516,0
node_ps_dif_T_M16,16,33080,564
node_ps_dif_T_M17,17,33080,0
node_ps_dif_T_M18,18,33584,504
node_ps_dif_T_M19,19,33584,0
node_ps_dif_T_M20,20,34148,564
node_ps_dif_T_M21,21,34148,0
node_ps_dif_T_M22,22,34592,444
node_ps_dif_T_M23,23,34592,0
node_ps_dif_T_M24,24,35088,496
node_ps_dif_T_M25,25,35088,0
node_ps_dif_T_M26,26,35088,0
node_ps_dif_T_M27,27,35592,504
node_ps_dif_T_M28,28,35592,0
node_ps_dif_T_M29,29,36036,444
node_ps_dif_T_M30,30,36036,0
node_ps_dif_T_M31,31,36360,324
node_ps_dif_T_M32,32,36360,0
node_ps_dif_T_M33,33,36804,444
node_ps_dif_T_M34,34,36804,0
node_ps_dif_T_M35,35,36804,0
node_ps_dif_T_M36,36,37188,384
node_ps_dif_T_M37,37,37188,0
node_ps_dif_T_M38,38,37692,504
node_ps_dif_T_M39,39,37692,0
node_ps_dif_T_M40,40,38136,444
node_ps_dif_T_M41,41,38136,0
node_ps_dif_T_M42,42,38300,164
node_ps_dif_T_M43,43,38300,0
node_ps_dif_T_M44,44,38680,380
node_ps_dif_T_M45,45,38680,0
node_ps_dif_T_M46,46,38680,0
node_ps_dif_T_M47,47,39004,324
node_ps_dif_T_M48,48,39160,156
node_ps_dif_T_M49,49,39160,0
node_ps_dif_T_M50,50,39480,320
End,0,40112,632
