Entity,N,RSS,DELTA
Start,0,18268,18268
rclcpp::init,0,18268,0
EventsExecutor,0,20268,2000
emtpy_node,1,24312,4044
emtpy_node,2,24312,0
emtpy_node,3,24580,268
emtpy_node,4,24580,0
emtpy_node,5,24580,0
emtpy_node,6,24844,264
emtpy_node,7,24844,0
emtpy_node,8,24844,0
emtpy_node,9,25108,264
emtpy_node,10,25108,0
emtpy_node,11,25108,0
emtpy_node,12,25372,264
emtpy_node,13,25372,0
emtpy_node,14,25372,0
emtpy_node,15,25636,264
emtpy_node,16,25636,0
emtpy_node,17,25636,0
emtpy_node,18,25636,0
emtpy_node,19,25900,264
emtpy_node,20,25900,0
emtpy_node,21,25900,0
emtpy_node,22,26164,264
emtpy_node,23,26164,0
emtpy_node,24,26164,0
emtpy_node,25,26428,264
emtpy_node,26,26428,0
emtpy_node,27,26428,0
emtpy_node,28,26692,264
emtpy_node,29,26692,0
emtpy_node,30,26692,0
emtpy_node,31,26956,264
emtpy_node,32,26956,0
emtpy_node,33,26956,0
emtpy_node,34,27220,264
emtpy_node,35,27220,0
emtpy_node,36,27220,0
emtpy_node,37,27484,264
emtpy_node,38,27484,0
emtpy_node,39,27484,0
emtpy_node,40,27748,264
emtpy_node,41,27748,0
emtpy_node,42,27748,0
emtpy_node,43,28012,264
emtpy_node,44,28012,0
emtpy_node,45,28012,0
emtpy_node,46,28276,264
emtpy_node,47,28276,0
emtpy_node,48,28428,152
emtpy_node,49,28428,0
emtpy_node,50,28428,0
End,0,28988,560
