Entity,N,RSS,DELTA
Start,0,18612,18612
rclcpp::init,0,18612,0
EventsExecutor,0,20676,2064
node_srv,1,24936,4260
node_srv,2,24936,0
node_srv,3,25332,396
node_srv,4,25332,0
node_srv,5,25596,264
node_srv,6,25596,0
node_srv,7,25860,264
node_srv,8,25860,0
node_srv,9,26124,264
node_srv,10,26124,0
node_srv,11,26388,264
node_srv,12,26388,0
node_srv,13,26652,264
node_srv,14,26652,0
node_srv,15,26652,0
node_srv,16,26916,264
node_srv,17,26916,0
node_srv,18,27180,264
node_srv,19,27180,0
node_srv,20,27444,264
node_srv,21,27444,0
node_srv,22,27708,264
node_srv,23,27708,0
node_srv,24,27972,264
node_srv,25,27972,0
node_srv,26,28236,264
node_srv,27,28236,0
node_srv,28,28500,264
node_srv,29,28500,0
node_srv,30,28500,0
node_srv,31,28764,264
node_srv,32,28764,0
node_srv,33,29028,264
node_srv,34,29028,0
node_srv,35,29292,264
node_srv,36,29292,0
node_srv,37,29556,264
node_srv,38,29748,192
node_srv,39,29748,0
node_srv,40,30008,260
node_srv,41,30008,0
node_srv,42,30008,0
node_srv,43,30268,260
node_srv,44,30268,0
node_srv,45,30532,264
node_srv,46,30532,0
node_srv,47,30804,272
node_srv,48,30936,132
node_srv,49,30936,0
node_srv,50,31196,260
End,0,31688,492
