Entity,N,RSS,DELTA
Start,0,27280,27280
rclcpp::init,0,27280,0
EventsExecutor,0,27280,0
emtpy_node,1,38872,11592
emtpy_node,2,40224,1352
emtpy_node,3,41280,1056
emtpy_node,4,42600,1320
emtpy_node,5,43920,1320
emtpy_node,6,45240,1320
emtpy_node,7,46560,1320
emtpy_node,8,48144,1584
emtpy_node,9,49464,1320
emtpy_node,10,50784,1320
emtpy_node,11,52368,1584
emtpy_node,12,53688,1320
emtpy_node,13,55104,1416
emtpy_node,14,56688,1584
emtpy_node,15,58272,1584
emtpy_node,16,59856,1584
emtpy_node,17,61440,1584
emtpy_node,18,63024,1584
emtpy_node,19,64608,1584
emtpy_node,20,66344,1736
emtpy_node,21,67928,1584
emtpy_node,22,69512,1584
emtpy_node,23,71360,1848
emtpy_node,24,72944,1584
emtpy_node,25,74792,1848
emtpy_node,26,76640,1848
emtpy_node,27,78488,1848
emtpy_node,28,80336,1848
emtpy_node,29,82184,1848
emtpy_node,30,84032,1848
emtpy_node,31,85880,1848
emtpy_node,32,87988,2108
emtpy_node,33,90100,2112
emtpy_node,34,91948,1848
emtpy_node,35,94060,2112
emtpy_node,36,96172,2112
emtpy_node,37,98284,2112
emtpy_node,38,100132,1848
emtpy_node,39,102244,2112
emtpy_node,40,104472,2228
emtpy_node,41,106852,2380
emtpy_node,42,108964,2112
emtpy_node,43,111076,2112
emtpy_node,44,113280,2204
emtpy_node,45,115392,2112
emtpy_node,46,117760,2368
emtpy_node,47,120140,2380
emtpy_node,48,122272,2132
emtpy_node,49,124664,2392
emtpy_node,50,126964,2300
End,0,127348,384
