Entity,N,RSS,DELTA
Start,0,27936,27936
rclcpp::init,0,27936,0
EventsExecutor,0,27936,0
node_ps_sameT_M1,1,38952,11016
node_ps_sameT_M1,2,40036,1084
node_ps_sameT_M1,3,40300,264
node_ps_sameT_M1,4,40828,528
node_ps_sameT_M1,5,41092,264
node_ps_sameT_M1,6,41620,528
node_ps_sameT_M1,7,41884,264
node_ps_sameT_M1,8,42412,528
node_ps_sameT_M1,9,42940,528
node_ps_sameT_M1,10,43468,528
node_ps_sameT_M1,11,44056,588
node_ps_sameT_M1,12,44584,528
node_ps_sameT_M1,13,45112,528
node_ps_sameT_M1,14,45640,528
node_ps_sameT_M1,15,46168,528
node_ps_sameT_M1,16,46696,528
node_ps_sameT_M1,17,47224,528
node_ps_sameT_M1,18,48016,792
node_ps_sameT_M1,19,48544,528
node_ps_sameT_M1,20,49072,528
node_ps_sameT_M1,21,49864,792
node_ps_sameT_M1,22,50392,528
node_ps_sameT_M1,23,51184,792
node_ps_sameT_M1,24,51976,792
node_ps_sameT_M1,25,52504,528
node_ps_sameT_M1,26,53296,792
node_ps_sameT_M1,27,54088,792
node_ps_sameT_M1,28,54880,792
node_ps_sameT_M1,29,55672,792
node_ps_sameT_M1,30,56464,792
node_ps_sameT_M1,31,57256,792
node_ps_sameT_M1,32,58048,792
node_ps_sameT_M1,33,58840,792
node_ps_sameT_M1,34,59632,792
node_ps_sameT_M1,35,60688,1056
node_ps_sameT_M1,36,61744,1056
node_ps_sameT_M1,37,62536,792
node_ps_sameT_M1,38,63328,792
node_ps_sameT_M1,39,64384,1056
node_ps_sameT_M1,40,65176,792
node_ps_sameT_M1,41,66492,1316
node_ps_sameT_M1,42,67548,1056
node_ps_sameT_M1,43,68340,792
node_ps_sameT_M1,44,69432,1092
node_ps_sameT_M1,45,70492,1060
node_ps_sameT_M1,46,71548,1056
node_ps_sameT_M1,47,72604,1056
node_ps_sameT_M1,48,73660,1056
node_ps_sameT_M1,49,74716,1056
node_ps_sameT_M1,50,75776,1060
End,0,76144,368
