Entity,N,RSS,DELTA
Start,0,27724,27724
rclcpp::init,0,27724,0
EventsExecutor,0,29644,1920
node_ps_dif_T_M0MB,1,40316,10672
node_ps_dif_T_M0MB,2,41108,792
node_ps_dif_T_M0MB,3,41900,792
node_ps_dif_T_M0MB,4,42428,528
node_ps_dif_T_M0MB,5,43340,912
node_ps_dif_T_M0MB,6,44132,792
node_ps_dif_T_M0MB,7,44924,792
node_ps_dif_T_M0MB,8,45716,792
node_ps_dif_T_M0MB,9,46508,792
node_ps_dif_T_M0MB,10,47300,792
node_ps_dif_T_M0MB,11,48092,792
node_ps_dif_T_M0MB,12,48620,528
node_ps_dif_T_M0MB,13,49412,792
node_ps_dif_T_M0MB,14,50204,792
node_ps_dif_T_M0MB,15,50996,792
node_ps_dif_T_M0MB,16,51788,792
node_ps_dif_T_M0MB,17,52580,792
node_ps_dif_T_M0MB,18,53372,792
node_ps_dif_T_M0MB,19,54164,792
node_ps_dif_T_M0MB,20,54692,528
node_ps_dif_T_M0MB,21,55484,792
node_ps_dif_T_M0MB,22,56276,792
node_ps_dif_T_M0MB,23,57068,792
node_ps_dif_T_M0MB,24,57860,792
node_ps_dif_T_M0MB,25,58652,792
node_ps_dif_T_M0MB,26,59444,792
node_ps_dif_T_M0MB,27,60236,792
node_ps_dif_T_M0MB,28,60764,528
node_ps_dif_T_M0MB,29,61556,792
node_ps_dif_T_M0MB,30,62348,792
node_ps_dif_T_M0MB,31,63140,792
node_ps_dif_T_M0MB,32,63932,792
node_ps_dif_T_M0MB,33,64724,792
node_ps_dif_T_M0MB,34,65516,792
node_ps_dif_T_M0MB,35,66308,792
node_ps_dif_T_M0MB,36,66836,528
node_ps_dif_T_M0MB,37,67628,792
node_ps_dif_T_M0MB,38,68420,792
node_ps_dif_T_M0MB,39,69212,792
node_ps_dif_T_M0MB,40,70004,792
node_ps_dif_T_M0MB,41,70796,792
node_ps_dif_T_M0MB,42,71588,792
node_ps_dif_T_M0MB,43,72380,792
node_ps_dif_T_M0MB,44,72908,528
node_ps_dif_T_M0MB,45,73700,792
node_ps_dif_T_M0MB,46,74492,792
node_ps_dif_T_M0MB,47,75284,792
node_ps_dif_T_M0MB,48,76076,792
node_ps_dif_T_M0MB,49,76868,792
node_ps_dif_T_M0MB,50,77660,792
End,0,77696,36
