Entity,N,RSS,DELTA
Start,0,27032,27032
rclcpp::init,0,27032,0
EventsExecutor,0,27032,0
emtpy_node,1,37856,10824
emtpy_node,2,38164,308
emtpy_node,3,38692,528
emtpy_node,4,38956,264
emtpy_node,5,39220,264
emtpy_node,6,39484,264
emtpy_node,7,39748,264
emtpy_node,8,40012,264
emtpy_node,9,40540,528
emtpy_node,10,40804,264
emtpy_node,11,41068,264
emtpy_node,12,41332,264
emtpy_node,13,41596,264
emtpy_node,14,42124,528
emtpy_node,15,42388,264
emtpy_node,16,42652,264
emtpy_node,17,42916,264
emtpy_node,18,43180,264
emtpy_node,19,43444,264
emtpy_node,20,43972,528
emtpy_node,21,44236,264
emtpy_node,22,44500,264
emtpy_node,23,44764,264
emtpy_node,24,45028,264
emtpy_node,25,45556,528
emtpy_node,26,45820,264
emtpy_node,27,46084,264
emtpy_node,28,46348,264
emtpy_node,29,46612,264
emtpy_node,30,46876,264
emtpy_node,31,47404,528
emtpy_node,32,47668,264
emtpy_node,33,47932,264
emtpy_node,34,48196,264
emtpy_node,35,48460,264
emtpy_node,36,48988,528
emtpy_node,37,49252,264
emtpy_node,38,49516,264
emtpy_node,39,49780,264
emtpy_node,40,50044,264
emtpy_node,41,50308,264
emtpy_node,42,50836,528
emtpy_node,43,51100,264
emtpy_node,44,51364,264
emtpy_node,45,51628,264
emtpy_node,46,51892,264
emtpy_node,47,52420,528
emtpy_node,48,52684,264
emtpy_node,49,52948,264
emtpy_node,50,53212,264
End,0,53620,408
