Entity,N,RSS,DELTA
Start,0,27356,27356
rclcpp::init,0,27356,0
EventsExecutor,0,27356,0
emtpy_node,1,38536,11180
sub_M1,1,39260,724
sub_M1,2,39260,0
sub_M1,3,39676,416
sub_M1,4,39676,0
sub_M1,5,39676,0
sub_M1,6,39676,0
sub_M1,7,40060,384
sub_M1,8,40060,0
sub_M1,9,40060,0
sub_M1,10,40324,264
sub_M1,11,40324,0
sub_M1,12,40324,0
sub_M1,13,40324,0
sub_M1,14,40588,264
sub_M1,15,40588,0
sub_M1,16,40588,0
sub_M1,17,40852,264
sub_M1,18,40852,0
sub_M1,19,40852,0
sub_M1,20,40852,0
sub_M1,21,41116,264
sub_M1,22,41116,0
sub_M1,23,41116,0
sub_M1,24,41116,0
sub_M1,25,41380,264
sub_M1,26,41380,0
sub_M1,27,41380,0
sub_M1,28,41644,264
sub_M1,29,41644,0
sub_M1,30,41644,0
sub_M1,31,41644,0
sub_M1,32,41908,264
sub_M1,33,41908,0
sub_M1,34,41908,0
sub_M1,35,42172,264
sub_M1,36,42172,0
sub_M1,37,42172,0
sub_M1,38,42172,0
sub_M1,39,42436,264
sub_M1,40,42436,0
sub_M1,41,42436,0
sub_M1,42,42700,264
sub_M1,43,42700,0
sub_M1,44,42700,0
sub_M1,45,42700,0
sub_M1,46,42964,264
sub_M1,47,42964,0
sub_M1,48,42964,0
sub_M1,49,43228,264
sub_M1,50,43228,0
End,0,43556,328
