Entity,N,RSS,DELTA
Start,0,27668,27668
rclcpp::init,0,27668,0
EventsExecutor,0,29596,1928
node_ps_dif_T_M1,1,39036,9440
node_ps_dif_T_M1,2,40092,1056
node_ps_dif_T_M1,3,40356,264
node_ps_dif_T_M1,4,40620,264
node_ps_dif_T_M1,5,41148,528
node_ps_dif_T_M1,6,41412,264
node_ps_dif_T_M1,7,41676,264
node_ps_dif_T_M1,8,42204,528
node_ps_dif_T_M1,9,42468,264
node_ps_dif_T_M1,10,42732,264
node_ps_dif_T_M1,11,43260,528
node_ps_dif_T_M1,12,43524,264
node_ps_dif_T_M1,13,43788,264
node_ps_dif_T_M1,14,44052,264
node_ps_dif_T_M1,15,44640,588
node_ps_dif_T_M1,16,44904,264
node_ps_dif_T_M1,17,45168,264
node_ps_dif_T_M1,18,45696,528
node_ps_dif_T_M1,19,45960,264
node_ps_dif_T_M1,20,46284,324
node_ps_dif_T_M1,21,46812,528
node_ps_dif_T_M1,22,47076,264
node_ps_dif_T_M1,23,47340,264
node_ps_dif_T_M1,24,47868,528
node_ps_dif_T_M1,25,48132,264
node_ps_dif_T_M1,26,48396,264
node_ps_dif_T_M1,27,48924,528
node_ps_dif_T_M1,28,49188,264
node_ps_dif_T_M1,29,49452,264
node_ps_dif_T_M1,30,49980,528
node_ps_dif_T_M1,31,50244,264
node_ps_dif_T_M1,32,50508,264
node_ps_dif_T_M1,33,51036,528
node_ps_dif_T_M1,34,51300,264
node_ps_dif_T_M1,35,51564,264
node_ps_dif_T_M1,36,52092,528
node_ps_dif_T_M1,37,52356,264
node_ps_dif_T_M1,38,52620,264
node_ps_dif_T_M1,39,53148,528
node_ps_dif_T_M1,40,53412,264
node_ps_dif_T_M1,41,53676,264
node_ps_dif_T_M1,42,54204,528
node_ps_dif_T_M1,43,54468,264
node_ps_dif_T_M1,44,54732,264
node_ps_dif_T_M1,45,55260,528
node_ps_dif_T_M1,46,55524,264
node_ps_dif_T_M1,47,55788,264
node_ps_dif_T_M1,48,56316,528
node_ps_dif_T_M1,49,56580,264
node_ps_dif_T_M1,50,56844,264
End,0,57200,356
