Entity,N,RSS,DELTA
Start,0,27160,27160
rclcpp::init,0,27160,0
EventsExecutor,0,27160,0
node_srv,1,37776,10616
node_srv,2,38452,676
node_srv,3,38980,528
node_srv,4,39508,528
node_srv,5,40300,792
node_srv,6,40828,528
node_srv,7,41356,528
node_srv,8,42148,792
node_srv,9,42940,792
node_srv,10,43468,528
node_srv,11,44260,792
node_srv,12,45052,792
node_srv,13,46108,1056
node_srv,14,46900,792
node_srv,15,47692,792
node_srv,16,48748,1056
node_srv,17,49804,1056
node_srv,18,50860,1056
node_srv,19,51916,1056
node_srv,20,52972,1056
node_srv,21,54028,1056
node_srv,22,55084,1056
node_srv,23,56400,1316
node_srv,24,57716,1316
node_srv,25,59036,1320
node_srv,26,60356,1320
node_srv,27,61676,1320
node_srv,28,62996,1320
node_srv,29,64316,1320
node_srv,30,65636,1320
node_srv,31,67220,1584
node_srv,32,68672,1452
node_srv,33,70256,1584
node_srv,34,71840,1584
node_srv,35,73172,1332
node_srv,36,75304,2132
node_srv,37,76908,1604
node_srv,38,78508,1600
node_srv,39,80380,1872
node_srv,40,81972,1592
node_srv,41,83852,1880
node_srv,42,85712,1860
node_srv,43,87584,1872
node_srv,44,89448,1864
node_srv,45,90924,1476
node_srv,46,92796,1872
node_srv,47,94896,2100
node_srv,48,96732,1836
node_srv,49,98864,2132
node_srv,50,100992,2128
End,0,101232,240
