Entity,N,RSS,DELTA
Start,0,28812,28812
rclcpp::init,0,28812,0
EventsExecutor,0,30800,1988
node_ps_dif_T_M1,1,41348,10548
node_ps_dif_T_M2,2,43264,1916
node_ps_dif_T_M3,3,43888,624
node_ps_dif_T_M4,4,44536,648
node_ps_dif_T_M5,5,44800,264
node_ps_dif_T_M6,6,45244,444
node_ps_dif_T_M7,7,45892,648
node_ps_dif_T_M8,8,46276,384
node_ps_dif_T_M9,9,47044,768
node_ps_dif_T_M10,10,47308,264
node_ps_dif_T_M11,11,47632,324
node_ps_dif_T_M12,12,48280,648
node_ps_dif_T_M13,13,48664,384
node_ps_dif_T_M14,14,49432,768
node_ps_dif_T_M15,15,49696,264
node_ps_dif_T_M16,16,50080,384
node_ps_dif_T_M17,17,50728,648
node_ps_dif_T_M18,18,51112,384
node_ps_dif_T_M19,19,51940,828
node_ps_dif_T_M20,20,52204,264
node_ps_dif_T_M21,21,52528,324
node_ps_dif_T_M22,22,53176,648
node_ps_dif_T_M23,23,53500,324
node_ps_dif_T_M24,24,54172,672
node_ps_dif_T_M25,25,54496,324
node_ps_dif_T_M26,26,54820,324
node_ps_dif_T_M27,27,55528,708
node_ps_dif_T_M28,28,55792,264
node_ps_dif_T_M29,29,56500,708
node_ps_dif_T_M30,30,56764,264
node_ps_dif_T_M31,31,57028,264
node_ps_dif_T_M32,32,57676,648
node_ps_dif_T_M33,33,57940,264
node_ps_dif_T_M34,34,58648,708
node_ps_dif_T_M35,35,58912,264
node_ps_dif_T_M36,36,59176,264
node_ps_dif_T_M37,37,59824,648
node_ps_dif_T_M38,38,60208,384
node_ps_dif_T_M39,39,60500,292
node_ps_dif_T_M40,40,61148,648
node_ps_dif_T_M41,41,61472,324
node_ps_dif_T_M42,42,62000,528
node_ps_dif_T_M43,43,62264,264
node_ps_dif_T_M44,44,62588,324
node_ps_dif_T_M45,45,63176,588
node_ps_dif_T_M46,46,63500,324
node_ps_dif_T_M47,47,64028,528
node_ps_dif_T_M48,48,64292,264
node_ps_dif_T_M49,49,64556,264
node_ps_dif_T_M50,50,65144,588
End,0,65508,364
