Entity,N,RSS,DELTA
Start,0,27600,27600
rclcpp::init,0,27600,0
EventsExecutor,0,27600,0
node_srv,1,38172,10572
node_srv,2,38848,676
node_srv,3,39376,528
node_srv,4,39904,528
node_srv,5,40168,264
node_srv,6,40696,528
node_srv,7,41224,528
node_srv,8,41488,264
node_srv,9,42016,528
node_srv,10,42544,528
node_srv,11,43072,528
node_srv,12,43336,264
node_srv,13,43864,528
node_srv,14,44392,528
node_srv,15,44920,528
node_srv,16,45184,264
node_srv,17,45712,528
node_srv,18,46240,528
node_srv,19,46504,264
node_srv,20,47032,528
node_srv,21,47560,528
node_srv,22,48088,528
node_srv,23,48352,264
node_srv,24,48880,528
node_srv,25,49408,528
node_srv,26,49672,264
node_srv,27,50200,528
node_srv,28,50728,528
node_srv,29,51256,528
node_srv,30,51520,264
node_srv,31,52048,528
node_srv,32,52576,528
node_srv,33,52840,264
node_srv,34,53368,528
node_srv,35,53896,528
node_srv,36,54424,528
node_srv,37,54688,264
node_srv,38,55216,528
node_srv,39,55744,528
node_srv,40,56008,264
node_srv,41,56536,528
node_srv,42,57064,528
node_srv,43,57592,528
node_srv,44,57856,264
node_srv,45,58384,528
node_srv,46,58912,528
node_srv,47,59440,528
node_srv,48,59704,264
node_srv,49,60232,528
node_srv,50,60760,528
End,0,61180,420
