Entity,N,RSS,DELTA
Start,0,27460,27460
rclcpp::init,0,27460,0
EventsExecutor,0,27460,0
emtpy_node,1,37860,10400
client,1,38084,224
client,2,38084,0
client,3,38496,412
client,4,38496,0
client,5,38760,264
client,6,38760,0
client,7,38760,0
client,8,39024,264
client,9,39024,0
client,10,39024,0
client,11,39288,264
client,12,39288,0
client,13,39552,264
client,14,39552,0
client,15,39552,0
client,16,39816,264
client,17,39816,0
client,18,40080,264
client,19,40080,0
client,20,40080,0
client,21,40344,264
client,22,40344,0
client,23,40344,0
client,24,40608,264
client,25,40608,0
client,26,40872,264
client,27,40872,0
client,28,40872,0
client,29,41136,264
client,30,41136,0
client,31,41400,264
client,32,41400,0
client,33,41400,0
client,34,41664,264
client,35,41664,0
client,36,41664,0
client,37,41928,264
client,38,41928,0
client,39,42192,264
client,40,42192,0
client,41,42192,0
client,42,42456,264
client,43,42456,0
client,44,42456,0
client,45,42720,264
client,46,42720,0
client,47,42984,264
client,48,42984,0
client,49,42984,0
client,50,43248,264
End,0,43568,320
