Entity,N,RSS,DELTA
Start,0,27384,27384
rclcpp::init,0,27384,0
EventsExecutor,0,27384,0
node_ps_dif_T_M1,1,38788,11404
node_ps_dif_T_M1,2,39840,1052
node_ps_dif_T_M1,3,40104,264
node_ps_dif_T_M1,4,40632,528
node_ps_dif_T_M1,5,40896,264
node_ps_dif_T_M1,6,41424,528
node_ps_dif_T_M1,7,41748,324
node_ps_dif_T_M1,8,42276,528
node_ps_dif_T_M1,9,42540,264
node_ps_dif_T_M1,10,43068,528
node_ps_dif_T_M1,11,43332,264
node_ps_dif_T_M1,12,43860,528
node_ps_dif_T_M1,13,44448,588
node_ps_dif_T_M1,14,44712,264
node_ps_dif_T_M1,15,45240,528
node_ps_dif_T_M1,16,45504,264
node_ps_dif_T_M1,17,46032,528
node_ps_dif_T_M1,18,46296,264
node_ps_dif_T_M1,19,46824,528
node_ps_dif_T_M1,20,47088,264
node_ps_dif_T_M1,21,47616,528
node_ps_dif_T_M1,22,47880,264
node_ps_dif_T_M1,23,48408,528
node_ps_dif_T_M1,24,48672,264
node_ps_dif_T_M1,25,49200,528
node_ps_dif_T_M1,26,49464,264
node_ps_dif_T_M1,27,49992,528
node_ps_dif_T_M1,28,50256,264
node_ps_dif_T_M1,29,50784,528
node_ps_dif_T_M1,30,51048,264
node_ps_dif_T_M1,31,51576,528
node_ps_dif_T_M1,32,51840,264
node_ps_dif_T_M1,33,52368,528
node_ps_dif_T_M1,34,52632,264
node_ps_dif_T_M1,35,53160,528
node_ps_dif_T_M1,36,53424,264
node_ps_dif_T_M1,37,53952,528
node_ps_dif_T_M1,38,54216,264
node_ps_dif_T_M1,39,54744,528
node_ps_dif_T_M1,40,55008,264
node_ps_dif_T_M1,41,55536,528
node_ps_dif_T_M1,42,55800,264
node_ps_dif_T_M1,43,56328,528
node_ps_dif_T_M1,44,56592,264
node_ps_dif_T_M1,45,57120,528
node_ps_dif_T_M1,46,57384,264
node_ps_dif_T_M1,47,57912,528
node_ps_dif_T_M1,48,58176,264
node_ps_dif_T_M1,49,58704,528
node_ps_dif_T_M1,50,58968,264
End,0,59468,500
